-20|43|57|-2|-274|-371|-318|-220|456|405|478|505|2.264641|-3.000000|167.956009
-20|43|57|-2|-276|-373|-318|-220|457|407|478|506|1.111803|-3.000000|150.480438
-20|44|57|-2|-274|-372|-318|-220|456|405|478|506|-2.685019|-3.000000|126.957314
-20|44|57|-2|-274|-372|-319|-220|456|405|478|506|-3.000000|-2.537342|-162.621246
-20|44|56|-2|-274|-371|-318|-220|456|405|478|506|-3.000000|-2.474637|169.671326
-20|43|57|-2|-274|-371|-318|-220|456|405|478|506|-3.000000|-0.730100|167.375839
-20|43|57|-2|-275|-373|-320|-221|457|407|481|508|-3.000000|0.799083|126.980034
-20|43|57|-2|-274|-372|-318|-220|455|405|478|506|-2.396935|1.983593|115.459702
-20|44|57|-2|-274|-372|-320|-221|455|405|480|508|-1.749363|2.064358|105.554337
-20|43|57|-2|-274|-371|-318|-220|456|405|478|506|-1.042306|2.310664|100.831863
-20|44|57|-2|-274|-371|-318|-220|455|405|478|506|-0.604522|2.395249|94.643669
-20|43|57|-2|-274|-372|-319|-221|456|405|480|508|-0.269072|2.425737|92.154083
-20|43|57|-2|-274|-371|-319|-220|455|405|478|506|-0.168830|2.432955|90.845383
-20|43|57|-2|-275|-373|-320|-221|458|407|480|508|-0.124149|2.426404|90.802185
-20|43|57|-2|-275|-373|-319|-220|457|407|478|506|-0.143657|2.435312|90.802490
-20|43|57|-2|-274|-371|-318|-220|456|405|479|506|-0.142220|2.441293|90.814720
-20|43|57|-2|-274|-371|-320|-221|455|405|480|508|-0.149067|2.436958|90.869026
-20|44|57|-2|-275|-373|-318|-220|457|407|479|506|-0.134026|2.439064|90.792305
-20|43|57|-2|-274|-371|-318|-220|455|405|478|506|-0.150995|2.440129|90.842117
-20|43|57|-2|-274|-371|-319|-221|455|405|480|508|-0.137171|2.438504|90.781746
-20|43|57|-2|-274|-372|-318|-220|456|405|478|506|-0.144247|2.439446|90.809128
-19|43|57|-2|-274|-372|-318|-220|455|405|478|506|-0.138255|2.439070|90.805382
-20|43|57|-2|-275|-373|-318|-220|458|407|479|506|-0.139758|2.439234|90.773735
-20|43|57|-2|-274|-371|-319|-221|456|405|480|508|-0.144875|2.438597|90.821899
-20|44|57|-2|-274|-371|-320|-221|455|405|480|508|-0.149571|2.437031|90.929810
-20|44|57|-2|-275|-373|-319|-220|457|407|478|506|-0.141555|2.437573|90.864365
-20|43|57|-2|-275|-373|-318|-220|457|407|478|506|-0.135911|2.438864|90.718063
-20|44|57|-2|-275|-373|-319|-220|457|407|479|506|-0.140599|2.437472|90.830353
-20|44|57|-2|-274|-372|-319|-221|455|405|480|508|-0.151346|2.437175|90.917389
-20|43|57|-2|-274|-371|-318|-220|456|405|478|506|-0.141664|2.440799|90.829407
-20|43|57|-2|-275|-373|-318|-220|457|407|478|505|-0.139727|2.438552|90.783966
-20|44|57|-2|-275|-373|-318|-220|457|407|478|506|-0.136329|2.438795|90.790276
-20|43|57|-2|-275|-373|-318|-220|457|407|478|506|-0.141737|2.438628|90.775780
-20|43|57|-2|-274|-372|-319|-220|456|405|478|506|-0.133839|2.438199|90.723831
-20|43|57|-2|-275|-373|-320|-221|457|407|481|508|-0.144497|2.435579|90.796745
-20|43|57|-2|-274|-372|-319|-221|455|405|481|508|-0.145008|2.437650|90.837517
-19|43|57|-2|-276|-373|-318|-220|457|407|478|506|-0.133328|2.437602|90.766548
-20|43|57|-2|-275|-373|-320|-221|457|407|481|508|-0.151426|2.435573|90.858154
-20|43|57|-1|-275|-373|-318|-220|457|407|478|506|-0.129083|2.439108|90.763992
-19|43|57|-2|-275|-373|-319|-221|457|407|480|508|-0.143601|2.427482|90.883629
-20|43|57|-2|-276|-373|-318|-220|457|407|478|506|-0.129041|2.435308|90.745796
-20|43|57|-2|-275|-373|-320|-221|458|407|480|508|-0.143302|2.426804|90.853622
-20|43|57|-2|-276|-373|-318|-220|457|407|478|506|-0.125566|2.435644|90.715858
-20|43|57|-2|-275|-373|-320|-221|457|407|480|508|-0.154219|2.426279|90.951981
-20|44|57|-2|-275|-373|-320|-221|457|407|480|508|-0.139437|2.426142|90.855911
-20|43|57|-2|-274|-372|-318|-220|455|405|478|505|-0.141019|2.437266|90.835777
-20|43|57|-2|-274|-372|-318|-220|456|405|478|506|-0.141527|2.439499|90.784325
-20|43|57|-2|-275|-373|-318|-220|457|407|479|505|-0.137321|2.438938|90.763939
-20|43|57|-2|-275|-373|-320|-221|457|407|480|508|-0.145908|2.435249|90.838089
-20|43|57|-2|-275|-373|-320|-221|457|407|480|508|-0.130543|2.432669|90.789497
-20|44|57|-2|-275|-373|-320|-221|457|407|481|508|-0.150292|2.432927|90.955353
-20|43|57|-2|-274|-371|-320|-221|455|405|480|508|-0.146978|2.434356|90.941727
-20|43|57|-2|-275|-373|-318|-220|457|407|478|506|-0.131145|2.435891|90.773689
-20|43|57|-2|-275|-373|-319|-221|457|407|481|508|-0.147010|2.437016|90.786064
-19|44|57|-2|-275|-373|-320|-221|457|407|481|508|-0.136309|2.435651|90.877365
-20|44|57|-2|-275|-373|-319|-221|457|407|480|508|-0.155495|2.436542|90.927803
-20|43|57|-2|-275|-373|-320|-221|457|407|480|508|-0.129392|2.437645|90.725464
-20|43|57|-2|-275|-373|-319|-221|457|407|480|508|-0.148539|2.427748|90.916290
-20|43|57|-2|-275|-373|-318|-220|457|407|478|506|-0.131362|2.436688|90.799347
-20|44|57|-3|-274|-371|-320|-221|456|405|480|508|-0.163810|2.437208|90.970154
-20|44|57|-2|-275|-373|-319|-221|457|407|480|508|-0.118253|2.439092|90.689362
-6|58|74|15|-273|-372|-318|-219|466|411|482|514|-0.132070|2.437442|93.247215
-5|59|74|15|-273|-371|-318|-218|466|411|481|514|-0.364441|2.433983|94.608376
-4|59|75|16|-274|-372|-318|-219|467|411|481|514|-0.169976|2.429575|93.056061
-3|60|74|16|-275|-372|-318|-221|459|403|470|502|-0.280448|2.414785|94.198280
6|64|74|20|-281|-373|-324|-230|424|364|432|468|-0.292948|2.332783|94.606079
4|62|71|17|-279|-371|-322|-230|420|362|430|465|-0.316589|2.328739|94.733711
1|59|69|15|-280|-372|-323|-230|420|363|432|466|-0.317354|2.331362|94.244774
1|59|69|15|-280|-373|-323|-230|420|363|432|467|-0.269479|2.331305|93.856972
1|59|69|15|-279|-371|-323|-230|418|361|432|466|-0.294282|2.330172|94.165771
1|59|68|15|-279|-371|-323|-230|418|361|433|467|-0.289021|2.331534|93.909348
-5|53|63|8|-268|-360|-314|-222|416|365|435|464|-0.299155|2.393524|93.485153
-6|54|63|8|-269|-361|-313|-221|417|366|433|462|-0.273359|2.389253|93.144890
-5|53|63|8|-268|-359|-313|-221|415|364|433|461|-0.274659|2.395169|92.920250
-6|54|63|8|-270|-361|-314|-222|416|365|434|463|-0.253591|2.390433|92.760399
-5|54|63|8|-270|-361|-314|-222|416|365|434|463|-0.259940|2.391203|93.022682
-5|54|63|8|-268|-359|-313|-221|414|364|432|461|-0.278455|2.395608|93.180229
-5|54|63|8|-270|-361|-315|-222|416|365|434|463|-0.272179|2.387938|92.951302
-5|54|63|8|-270|-361|-314|-222|416|365|434|462|-0.252604|2.386475|92.845734
-5|54|63|8|-269|-360|-313|-222|414|363|432|461|-0.273342|2.389565|93.214867
-5|54|63|8|-268|-360|-313|-222|414|363|432|461|-0.279466|2.391226|92.986412
-5|54|63|9|-270|-362|-314|-222|416|365|433|462|-0.253220|2.388744|92.848442
-5|54|63|9|-270|-361|-314|-222|416|365|433|462|-0.265990|2.390571|93.104828
-5|54|63|8|-270|-361|-314|-221|416|365|432|461|-0.273065|2.390995|93.143379
-5|54|63|8|-269|-360|-315|-222|414|363|433|462|-0.279679|2.387636|93.000572
-5|54|63|8|-270|-361|-315|-222|416|365|434|463|-0.252271|2.385354|92.867966
1|59|65|12|-301|-391|-356|-267|391|324|392|436|-0.304962|2.161617|93.961639
25|81|79|28|-379|-452|-438|-359|298|197|281|362|-0.384137|1.565370|96.242805
78|127|118|74|-436|-474|-499|-454|143|8|79|205|-0.492847|0.704945|101.357742
136|166|150|120|-421|-406|-473|-479|-85|-218|-161|-13|-0.496874|-0.370388|103.357056
133|164|148|116|-427|-413|-478|-482|-77|-210|-151|-4|0.052123|-0.414560|102.772018
133|164|148|116|-427|-414|-478|-482|-77|-210|-152|-4|-0.163112|-0.456344|103.122559
132|163|148|116|-426|-412|-477|-482|-75|-209|-151|-3|-0.084813|-0.442963|103.179001
133|164|148|116|-427|-414|-478|-482|-76|-210|-151|-3|-0.111568|-0.443877|103.123322
132|164|148|116|-428|-414|-478|-482|-76|-210|-151|-3|-0.096062|-0.440028|102.961754
132|163|148|116|-426|-412|-476|-480|-76|-209|-151|-3|-0.109604|-0.444580|103.152611
132|163|148|116|-426|-412|-478|-483|-76|-209|-152|-3|-0.103976|-0.443557|102.939430
132|164|148|116|-427|-414|-478|-482|-76|-210|-151|-3|-0.104120|-0.442242|103.138237
132|164|148|116|-427|-414|-478|-482|-76|-210|-151|-4|-0.102289|-0.442913|103.110313
132|163|148|116|-426|-412|-476|-481|-76|-209|-151|-3|-0.106025|-0.443762|103.122894
132|163|147|116|-426|-413|-477|-481|-76|-210|-151|-3|-0.103880|-0.443094|102.919037
132|164|148|116|-426|-412|-478|-482|-76|-209|-151|-4|-0.111813|-0.445536|103.149857
132|164|148|116|-425|-413|-478|-483|-76|-210|-152|-4|-0.106056|-0.445668|102.955078
133|164|148|116|-427|-414|-478|-483|-77|-210|-152|-3|-0.102760|-0.443959|103.002800
133|164|148|116|-428|-413|-478|-482|-76|-210|-151|-4|-0.101621|-0.443275|103.161430
132|164|148|116|-427|-414|-478|-483|-76|-210|-152|-3|-0.104747|-0.443370|103.100403
132|164|148|116|-428|-414|-478|-482|-76|-210|-151|-3|-0.099766|-0.441021|103.109772
133|164|147|115|-427|-414|-476|-480|-76|-210|-151|-3|-0.102967|-0.442637|103.114838
132|163|147|115|-426|-412|-476|-480|-76|-209|-150|-3|-0.106092|-0.442740|103.060585
132|164|148|116|-428|-414|-478|-482|-76|-210|-151|-3|-0.100389|-0.441143|102.968323
132|164|148|116|-428|-414|-478|-483|-76|-210|-151|-2|-0.104599|-0.441175|103.123581
127|152|132|107|-439|-420|-486|-496|-104|-240|-180|-32|-0.020074|-0.532721|101.482704
126|131|108|105|-459|-422|-487|-518|-183|-322|-257|-107|0.092426|-0.817648|99.784134
101|86|64|80|-475|-421|-482|-529|-245|-376|-295|-155|0.141361|-0.984261|95.583099
45|9|-5|29|-475|-405|-453|-517|-299|-405|-306|-193|0.096440|-1.146985|88.304985
-17|-61|-55|-11|-445|-367|-400|-471|-300|-371|-270|-189|0.093273|-1.197427|82.262642
-6|-50|-44|-2|-428|-353|-382|-451|-290|-359|-264|-185|-0.027451|-1.204721|83.401703
-6|-49|-44|-1|-427|-353|-384|-452|-290|-359|-265|-186|0.040936|-1.222047|83.743896
-6|-49|-44|-2|-426|-351|-381|-450|-289|-357|-264|-185|0.032604|-1.225701|83.484535
-6|-49|-44|-1|-427|-352|-382|-450|-290|-359|-263|-185|0.031459|-1.217274|83.528969
-6|-49|-44|-1|-428|-353|-384|-452|-290|-359|-265|-186|0.027442|-1.215931|83.532150
-6|-49|-44|-2|-426|-351|-384|-453|-289|-358|-265|-186|0.027504|-1.217361|83.473816
-6|-49|-44|-1|-428|-353|-382|-451|-290|-360|-264|-186|0.032951|-1.218029|83.553703
-6|-49|-44|-1|-427|-351|-384|-453|-289|-358|-265|-187|0.027984|-1.217762|83.530502
-6|-49|-44|-1|-426|-352|-384|-454|-290|-358|-265|-186|0.027942|-1.216897|83.515770
-6|-50|-44|-1|-428|-353|-384|-454|-290|-360|-265|-186|0.031521|-1.215935|83.527130
-6|-50|-44|-2|-429|-354|-384|-454|-291|-360|-265|-187|0.027271|-1.215863|83.477654
-6|-49|-44|-1|-427|-352|-385|-453|-290|-359|-265|-186|0.026268|-1.216395|83.525688
-6|-49|-44|-1|-428|-354|-384|-454|-291|-360|-265|-186|0.030412|-1.215829|83.548126
-6|-49|-44|-2|-426|-352|-384|-453|-290|-359|-265|-186|0.023655|-1.217515|83.458565
-6|-50|-44|-1|-428|-353|-383|-451|-291|-360|-264|-186|0.034909|-1.222245|83.517296
-6|-49|-44|-1|-428|-353|-384|-453|-291|-360|-265|-186|0.025528|-1.216528|83.533997
-6|-49|-44|-1|-428|-353|-384|-453|-290|-360|-265|-186|0.029479|-1.216224|83.534523
-6|-49|-44|-1|-426|-351|-384|-452|-289|-358|-265|-186|0.026435|-1.217817|83.504532
-6|-50|-44|-1|-428|-353|-382|-451|-290|-360|-264|-186|0.037460|-1.218579|83.538582
-6|-50|-44|-1|-428|-353|-384|-453|-290|-360|-265|-186|0.021341|-1.222169|83.498932
-6|-49|-44|-1|-428|-353|-384|-453|-290|-360|-265|-186|0.031222|-1.216287|83.543991
-6|-49|-44|-1|-428|-353|-384|-453|-291|-360|-265|-186|0.028407|-1.217009|83.538742
-5|-50|-44|-2|-426|-351|-384|-453|-289|-358|-265|-186|0.028041|-1.217513|83.485115
-6|-50|-44|-2|-426|-351|-384|-453|-290|-359|-265|-187|0.025612|-1.219543|83.445343
-6|-50|-44|-1|-427|-353|-384|-453|-291|-360|-265|-187|0.027450|-1.222446|83.493599
-6|-50|-45|-2|-429|-353|-385|-454|-292|-361|-266|-187|0.023969|-1.217681|83.430748
13|-30|-15|28|-471|-409|-426|-478|-205|-298|-183|-82|0.130565|-0.824334|87.247444
62|25|50|86|-518|-497|-463|-471|28|-109|12|136|0.153795|0.117517|93.416512
101|81|107|127|-459|-485|-412|-377|251|108|193|302|-0.042136|1.038686|98.583855
98|85|113|126|-415|-455|-373|-327|319|187|256|352|-0.077529|1.442124|100.058388
95|83|111|123|-403|-445|-364|-318|328|201|263|355|-0.045963|1.563356|99.947121
93|82|110|120|-402|-444|-362|-317|326|199|260|351|-0.020073|1.579435|99.251862
93|82|109|121|-401|-444|-363|-318|326|199|261|352|-0.001303|1.587145|99.218567
93|82|110|122|-402|-444|-364|-318|326|200|262|353|-0.014683|1.585557|99.660896
96|84|113|125|-405|-448|-367|-319|331|202|265|358|-0.032514|1.580212|99.688385
97|86|113|125|-405|-449|-366|-319|334|205|266|359|-0.035375|1.585879|99.842003
97|85|114|125|-406|-450|-368|-320|334|205|267|361|-0.044561|1.583040|99.964149
97|86|114|125|-406|-450|-366|-319|334|205|266|359|-0.037809|1.585297|99.980652
97|85|114|125|-406|-449|-367|-319|334|205|267|360|-0.042180|1.585579|99.944801
96|85|114|125|-404|-447|-367|-320|332|204|267|360|-0.047262|1.584977|99.980988
97|85|114|125|-405|-449|-367|-320|334|204|267|360|-0.041814|1.584639|99.970894
96|85|114|125|-404|-447|-367|-319|332|204|267|360|-0.045149|1.586301|99.963371
97|85|114|125|-405|-448|-366|-319|334|205|267|360|-0.039851|1.588579|99.962799
96|85|114|125|-404|-448|-366|-319|333|204|266|359|-0.039379|1.591869|99.853432
95|84|113|124|-404|-447|-365|-318|332|203|266|358|-0.033040|1.593716|99.701004
96|85|113|124|-404|-447|-365|-318|332|203|266|358|-0.019764|1.596982|99.714760
96|85|113|124|-404|-447|-365|-319|332|203|265|358|-0.025677|1.587276|100.087639
96|85|113|125|-404|-447|-365|-318|332|204|266|359|-0.048206|1.583204|99.903145
96|84|113|124|-404|-447|-365|-319|332|204|266|358|-0.034050|1.588367|99.828728
95|83|112|123|-403|-446|-365|-318|331|203|265|357|-0.023638|1.589175|99.930191
91|80|107|117|-400|-444|-361|-315|324|199|260|350|-0.005789|1.588535|99.279938
84|82|109|113|-374|-429|-344|-289|367|249|304|386|-0.120305|1.775744|99.721947
81|79|107|109|-373|-428|-343|-287|365|248|303|384|-0.102048|1.800187|98.993958
63|64|92|89|-374|-430|-350|-292|365|253|317|395|-0.132376|1.823668|97.080223
32|43|69|58|-376|-442|-362|-296|380|275|351|423|-0.157806|1.854575|93.067924
-13|10|29|6|-372|-449|-371|-295|387|296|384|441|-0.056626|1.914937|87.100807
-60|-29|-19|-50|-351|-436|-367|-283|368|298|397|433|0.055111|1.951608|80.655464
-81|-45|-44|-77|-323|-410|-354|-267|341|289|390|411|0.159931|1.986761|77.231384
-81|-45|-44|-78|-323|-410|-355|-268|342|289|392|415|0.250148|1.975381|77.107384
-82|-45|-44|-78|-323|-410|-355|-268|342|290|392|415|0.246957|1.989549|77.122833
-82|-45|-44|-77|-323|-410|-355|-268|342|289|392|413|0.250732|1.989319|77.104027
-81|-45|-44|-78|-322|-410|-355|-268|342|289|392|413|0.243266|1.992166|77.254822
-81|-45|-44|-78|-323|-410|-355|-268|342|289|392|413|0.242587|1.991133|77.171394
-81|-45|-44|-78|-322|-410|-355|-268|342|289|392|413|0.245009|1.991628|77.162506
-82|-45|-44|-78|-323|-410|-355|-268|342|289|392|414|0.250179|1.989428|77.079735
-81|-45|-44|-78|-323|-410|-355|-268|341|289|392|413|0.243953|1.996096|77.304787
-81|-45|-44|-78|-323|-410|-355|-268|341|289|392|413|0.241355|1.990973|77.161171
-81|-45|-44|-78|-323|-410|-355|-268|341|289|391|414|0.245996|1.989396|77.159744
-81|-45|-44|-77|-323|-410|-355|-268|341|289|392|413|0.246730|1.989656|77.161232
-81|-45|-44|-78|-322|-410|-355|-268|342|289|392|413|0.243234|1.991939|77.167419
-82|-45|-44|-77|-322|-410|-356|-268|341|289|392|413|0.242724|1.990510|77.176979
-82|-45|-44|-78|-323|-410|-355|-268|341|289|391|413|0.245409|1.989356|77.118912
-81|-45|-44|-78|-321|-409|-355|-268|340|288|392|414|0.240035|1.992798|77.176430
-81|-45|-44|-78|-322|-410|-355|-268|341|290|392|414|0.244848|1.992096|77.167282
-81|-45|-44|-78|-323|-410|-355|-268|342|289|392|414|0.247178|1.990150|77.142014
-82|-45|-44|-78|-322|-410|-355|-268|342|290|393|414|0.243870|1.993398|77.220825
-81|-45|-44|-78|-323|-410|-355|-268|342|291|393|415|0.246868|1.992722|77.143967
-84|-46|-44|-79|-319|-407|-351|-263|350|299|403|424|0.272427|2.021317|76.741165
-87|-48|-44|-81|-315|-404|-348|-260|360|311|413|433|0.299178|2.051637|76.512039
-89|-49|-47|-85|-328|-417|-366|-276|357|303|409|433|0.281414|1.987010|76.694603
-83|-42|-43|-82|-363|-449|-407|-318|328|260|373|413|0.217463|1.760264|78.362831
-57|-17|-27|-66|-417|-488|-467|-387|249|155|283|353|0.049132|1.344434|82.905182
-59|-19|-29|-68|-419|-490|-469|-389|248|154|281|351|-0.053226|1.285760|81.935371
-59|-19|-30|-69|-420|-491|-471|-391|247|153|282|353|0.037205|1.257856|81.602547
-59|-19|-30|-69|-421|-491|-471|-391|247|153|282|353|0.008285|1.268738|81.605301
-59|-19|-30|-69|-419|-489|-471|-391|246|152|282|353|0.013250|1.266990|81.769974
-59|-19|-30|-69|-420|-491|-471|-392|247|153|282|353|0.008907|1.270104|81.881035
-59|-19|-30|-69|-421|-491|-471|-391|247|153|282|352|-0.000753|1.274837|81.981812
-60|-19|-30|-68|-421|-491|-469|-390|247|153|280|350|0.006361|1.273637|81.928513
-59|-19|-30|-69|-420|-491|-471|-392|246|152|281|352|-0.004977|1.272328|81.995941
-58|-18|-29|-68|-419|-489|-472|-393|243|149|279|350|-0.008201|1.264693|82.127068
-58|-18|-29|-67|-420|-489|-470|-392|242|148|276|348|-0.008267|1.261505|82.127594
-58|-17|-29|-67|-420|-489|-470|-392|242|147|275|348|-0.009258|1.259840|82.168015
-56|-15|-27|-65|-420|-488|-473|-395|238|142|270|343|-0.023819|1.242118|82.503418
-51|-11|-23|-62|-421|-488|-474|-398|228|131|258|333|-0.045390|1.188036|82.677231
-50|-11|-22|-61|-421|-487|-474|-398|226|129|256|332|-0.033863|1.182985|82.749344
-50|-10|-22|-61|-422|-488|-474|-398|226|129|256|331|-0.037144|1.181958|83.005798
-50|-10|-22|-61|-422|-488|-474|-398|226|129|255|330|-0.050603|1.178362|82.888954
-50|-10|-22|-61|-422|-487|-474|-398|226|129|255|331|-0.039530|1.178292|82.873589
-48|-8|-20|-59|-422|-487|-474|-399|224|126|252|328|-0.051823|1.169654|83.172340
-45|-6|-18|-57|-420|-484|-474|-400|221|123|249|326|-0.056654|1.166584|83.575096
-44|-4|-16|-55|-422|-486|-474|-401|220|122|246|323|-0.068169|1.160952|83.569389
-43|-3|-15|-54|-422|-486|-474|-401|219|120|245|323|-0.055310|1.146112|83.777443
-42|-2|-15|-54|-422|-486|-475|-401|218|119|244|322|-0.063314|1.140136|83.654289
-42|-2|-14|-53|-422|-487|-473|-400|218|119|243|321|-0.063950|1.137381|83.924965
-41|-1|-13|-52|-421|-485|-476|-402|217|117|242|321|-0.073341|1.132395|84.223465
-40|0|-12|-51|-423|-487|-476|-403|216|117|240|320|-0.071138|1.126312|84.317497
-40|0|-12|-51|-424|-487|-476|-402|216|116|240|320|-0.072638|1.125710|84.297394
-40|0|-12|-51|-424|-487|-476|-402|216|117|240|320|-0.071791|1.126761|84.304169
-39|0|-12|-51|-424|-487|-476|-403|216|116|239|319|-0.072071|1.123250|84.337852
-38|3|-10|-49|-425|-488|-477|-405|214|113|237|317|-0.077564|1.112584|84.619934
56|19|1|35|-486|-412|-452|-513|-295|-413|-301|-186|-0.663400|-0.695493|90.196442
56|19|12|50|-456|-388|-427|-490|-275|-376|-287|-178|0.577069|-1.181234|89.871292
25|-24|-21|26|-433|-357|-387|-456|-291|-369|-278|-192|0.040391|-1.225247|87.349693
27|-21|-20|28|-424|-349|-378|-447|-299|-374|-286|-203|0.090459|-1.283775|87.639275
27|-21|-19|29|-423|-348|-378|-447|-298|-373|-285|-203|0.094223|-1.281291|87.812233
27|-21|-19|29|-423|-348|-378|-447|-298|-374|-286|-203|0.095666|-1.282333|87.562813
27|-21|-19|28|-423|-348|-378|-446|-299|-374|-286|-204|0.087164|-1.284465|87.525429
27|-21|-20|28|-423|-348|-378|-447|-299|-374|-286|-203|0.086998|-1.294892|87.573868
27|-21|-19|28|-423|-348|-378|-447|-299|-374|-286|-204|0.094499|-1.283971|87.789894
28|-21|-20|28|-423|-348|-378|-447|-299|-374|-286|-204|0.096694|-1.284776|87.777534
27|-21|-19|28|-423|-348|-378|-447|-299|-374|-286|-204|0.095854|-1.284469|87.781502
27|-21|-20|28|-423|-348|-378|-447|-299|-374|-286|-204|0.095029|-1.284651|87.739204
27|-22|-19|28|-423|-348|-378|-447|-300|-374|-286|-204|0.096981|-1.285357|87.748276
28|-21|-20|28|-423|-348|-378|-447|-300|-375|-287|-204|0.090824|-1.286617|87.763168
27|-21|-19|28|-424|-348|-377|-446|-300|-375|-285|-203|0.102570|-1.284587|87.793587
27|-21|-19|28|-424|-348|-378|-447|-300|-375|-286|-204|0.089771|-1.284837|87.749260
27|-21|-19|28|-422|-347|-378|-447|-298|-373|-286|-204|0.097801|-1.284954|87.781395
27|-21|-19|28|-424|-348|-376|-446|-299|-375|-286|-203|0.099573|-1.285261|87.809837
27|-21|-19|28|-423|-348|-378|-448|-300|-375|-286|-204|0.093329|-1.285219|87.764008
27|-21|-20|28|-424|-348|-378|-447|-300|-375|-286|-204|0.098119|-1.285269|87.754265
27|-21|-19|28|-423|-348|-378|-447|-300|-375|-286|-204|0.089805|-1.285576|87.745865
27|-21|-20|28|-424|-348|-378|-447|-300|-375|-286|-204|0.099274|-1.285292|87.758728
27|-21|-19|28|-422|-347|-378|-447|-298|-373|-286|-204|0.090128|-1.284675|87.754379
27|-21|-20|28|-423|-348|-378|-447|-300|-375|-286|-204|0.096570|-1.285929|87.734444
27|-21|-19|28|-424|-348|-378|-447|-300|-375|-287|-204|0.093040|-1.285678|87.777771
27|-21|-19|29|-424|-348|-378|-448|-300|-375|-287|-204|0.099019|-1.285394|87.835907
28|-21|-19|28|-424|-348|-379|-448|-300|-375|-287|-204|0.090180|-1.284472|87.779739
26|-21|-19|28|-429|-354|-386|-455|-290|-368|-279|-193|0.093886|-1.237004|87.714569
33|-16|-15|34|-444|-365|-400|-471|-306|-390|-299|-208|0.028563|-1.250204|88.295509
89|52|43|81|-467|-398|-448|-510|-283|-398|-313|-187|-0.049923|-1.125491|95.394905
119|111|95|102|-471|-423|-486|-524|-219|-354|-274|-126|0.112397|-0.891622|99.769646
109|134|111|86|-428|-412|-479|-488|-119|-248|-183|-43|-0.241873|-0.640626|98.426491
108|133|110|85|-429|-412|-480|-487|-120|-249|-183|-43|0.005746|-0.601394|99.495354
108|133|110|84|-429|-412|-479|-487|-120|-248|-183|-42|-0.126263|-0.613349|99.188545
108|133|110|85|-429|-412|-479|-487|-121|-248|-183|-43|-0.056513|-0.601228|99.230034
108|132|110|84|-429|-412|-479|-487|-121|-249|-184|-43|-0.096222|-0.610965|99.299377
108|133|110|85|-429|-412|-480|-487|-121|-249|-184|-43|-0.077742|-0.614064|99.146675
108|133|110|85|-428|-412|-480|-487|-121|-249|-184|-43|-0.093947|-0.609882|99.272926
108|133|110|85|-429|-412|-480|-488|-121|-249|-184|-43|-0.079827|-0.614482|99.145859
108|133|110|84|-429|-412|-480|-488|-121|-249|-183|-43|-0.091823|-0.608130|99.229073
108|133|110|84|-429|-412|-479|-487|-120|-249|-184|-42|-0.083433|-0.611827|99.268745
108|133|110|85|-429|-412|-480|-487|-120|-248|-183|-43|-0.086866|-0.612603|99.149666
108|132|109|84|-429|-412|-478|-485|-121|-249|-183|-43|-0.083263|-0.613278|99.222191
108|133|110|85|-429|-412|-480|-487|-121|-249|-184|-43|-0.085581|-0.613594|99.288536
108|132|110|84|-427|-410|-480|-487|-120|-248|-184|-43|-0.094010|-0.616539|99.080467
108|133|110|84|-429|-412|-479|-487|-121|-249|-184|-43|-0.083692|-0.613594|99.279892
108|133|110|85|-429|-412|-480|-487|-121|-249|-184|-43|-0.086657|-0.615215|99.140732
108|133|110|85|-429|-412|-480|-487|-121|-249|-184|-43|-0.085929|-0.613563|99.296295
108|133|110|85|-429|-412|-480|-488|-121|-249|-184|-43|-0.083947|-0.614792|99.138130
108|133|110|85|-429|-412|-481|-488|-121|-249|-184|-43|-0.088121|-0.613492|99.281548
109|134|110|86|-429|-412|-480|-488|-121|-250|-185|-43|-0.081656|-0.616492|99.241051
113|139|119|91|-433|-420|-486|-490|-101|-232|-164|-20|-0.104943|-0.523340|100.064659
117|150|133|98|-439|-437|-494|-484|-46|-182|-103|44|-0.160955|-0.282659|101.056381
96|143|132|85|-438|-468|-495|-449|112|-21|79|213|-0.362998|0.410495|100.605537
46|107|108|48|-359|-433|-406|-319|327|234|329|406|-0.490619|1.493450|99.967056
19|79|79|20|-294|-379|-313|-218|396|337|431|464|-0.435043|2.182228|96.938774
9|69|79|23|-258|-348|-304|-214|413|363|424|453|-0.394970|2.377420|96.098228
10|69|78|24|-257|-345|-302|-214|402|352|412|443|-0.417316|2.399576|96.346024
11|69|78|24|-256|-343|-300|-214|398|347|408|439|-0.429448|2.404031|96.419159
11|69|77|24|-256|-343|-301|-214|399|348|408|439|-0.435873|2.403379|96.489532
11|69|77|24|-256|-343|-300|-213|399|349|407|438|-0.438894|2.404820|96.534874
11|69|78|23|-256|-343|-301|-214|400|350|410|441|-0.446836|2.408957|96.644493
9|68|77|22|-256|-344|-302|-214|405|355|418|449|-0.445997|2.414313|96.461624
7|68|78|21|-259|-349|-304|-214|418|368|431|461|-0.389979|2.423617|96.065460
6|68|78|21|-260|-350|-305|-213|422|372|435|464|-0.386361|2.434299|95.990929
6|67|78|21|-258|-349|-305|-213|420|370|435|464|-0.404805|2.436623|96.044510
6|67|78|21|-259|-350|-304|-213|421|372|432|462|-0.390170|2.429661|96.067383
6|68|78|21|-259|-350|-305|-214|421|371|434|464|-0.394125|2.432217|96.067711
7|69|80|23|-259|-350|-305|-214|420|370|432|462|-0.390788|2.430248|96.289948
18|79|90|34|-259|-349|-304|-213|421|367|427|461|-0.381557|2.419363|97.684326
57|118|131|78|-287|-379|-329|-236|442|365|419|474|-0.361993|2.260368|103.450836
96|151|165|118|-306|-399|-342|-250|447|349|398|470|-0.641310|2.056940|109.617134
152|191|202|174|-338|-425|-360|-275|432|304|343|438|-0.428299|1.830671|112.420624
205|210|213|215|-363|-430|-360|-293|347|198|232|338|-0.228662|1.557780|114.860252
222|201|199|222|-376|-420|-355|-308|244|92|135|243|0.166992|1.352676|113.404549
219|199|197|220|-365|-407|-346|-302|235|89|132|237|0.107795|1.272895|115.023621
220|200|197|219|-365|-407|-346|-302|235|89|131|237|0.057492|1.228935|115.017761
220|199|197|218|-365|-407|-345|-301|236|89|131|236|0.054321|1.202667|114.825386
218|198|197|218|-363|-405|-345|-301|235|89|131|236|0.035704|1.202203|114.949669
219|199|196|218|-365|-407|-345|-300|236|89|131|237|0.029204|1.199684|114.966827
219|200|198|219|-365|-407|-346|-302|236|89|132|237|0.020933|1.198643|114.863228
220|200|198|219|-365|-407|-346|-302|236|90|132|238|0.016136|1.198484|114.918716
219|199|198|219|-363|-405|-346|-302|235|90|132|238|0.014878|1.200138|114.921829
220|200|198|219|-365|-407|-346|-302|236|89|132|238|0.015114|1.197287|114.927933
220|200|198|220|-365|-407|-346|-303|236|89|132|238|0.013594|1.195272|114.955482
220|197|195|218|-373|-413|-357|-316|224|74|115|225|0.051049|1.130046|114.450737
201|161|157|199|-451|-452|-417|-412|62|-99|-36|91|0.550357|0.532092|108.655777
168|112|102|158|-460|-413|-408|-448|-156|-296|-227|-110|0.801578|-0.445626|108.858810
132|71|60|121|-396|-319|-350|-420|-328|-421|-355|-263|0.619972|-1.385328|105.123749
132|71|59|121|-396|-319|-350|-421|-328|-421|-355|-262|0.429469|-1.462504|100.694481
125|64|53|115|-400|-324|-353|-424|-325|-418|-350|-258|0.364483|-1.453739|99.713509
123|61|51|113|-404|-327|-357|-427|-325|-418|-349|-256|0.341957|-1.439735|99.365585
122|60|50|112|-406|-329|-359|-430|-325|-419|-349|-255|0.335895|-1.429120|99.131729
121|60|49|112|-411|-332|-363|-435|-329|-423|-352|-258|0.322020|-1.429807|98.938774
121|59|48|111|-414|-335|-365|-437|-333|-429|-355|-260|0.328516|-1.431130|98.838715
122|58|47|111|-416|-336|-368|-442|-337|-433|-360|-264|0.303847|-1.439396|98.644119
126|64|53|116|-420|-340|-374|-447|-336|-436|-363|-263|0.290137|-1.423739|99.323212
148|91|80|140|-432|-355|-391|-463|-317|-429|-360|-246|0.293611|-1.325850|102.376869
181|137|125|173|-446|-376|-418|-481|-277|-409|-345|-208|0.288603|-1.143948|106.277481
202|180|169|194|-459|-401|-452|-501|-210|-358|-298|-138|0.217961|-0.876860|108.602516
191|205|195|182|-449|-415|-475|-499|-111|-263|-206|-39|-0.011692|-0.583640|108.080765
154|192|184|146|-421|-410|-470|-472|-30|-167|-115|38|-0.146630|-0.304946|106.666603
153|192|183|145|-422|-411|-471|-473|-29|-165|-114|40|-0.140972|-0.273772|106.733147
153|191|183|145|-421|-411|-471|-473|-28|-165|-114|40|-0.149627|-0.279166|106.705345
153|191|183|145|-421|-411|-471|-473|-28|-165|-114|39|-0.144707|-0.278714|106.715248
153|192|183|145|-422|-412|-471|-473|-29|-166|-114|39|-0.145423|-0.280294|106.714462
153|191|184|145|-422|-412|-472|-473|-29|-166|-115|39|-0.143784|-0.280497|106.710808
153|192|183|146|-422|-412|-472|-473|-31|-168|-116|37|-0.140465|-0.286969|106.722466
144|177|162|129|-424|-410|-473|-478|-64|-199|-148|2|-0.094744|-0.409551|104.597481
123|147|124|100|-422|-404|-469|-479|-123|-253|-195|-53|-0.055358|-0.624121|100.785332
118|140|116|93|-421|-402|-471|-481|-135|-263|-202|-62|-0.065756|-0.680878|100.186737
111|132|107|86|-422|-402|-471|-482|-145|-271|-209|-70|-0.042714|-0.712405|99.309494
85|99|65|50|-421|-398|-472|-487|-191|-311|-245|-114|-0.018974|-0.874380|94.633980
78|87|47|37|-417|-389|-469|-488|-237|-355|-288|-161|-0.127806|-1.065916|93.152779
34|32|-22|-23|-407|-374|-460|-485|-313|-417|-341|-229|0.029283|-1.301799|85.857628
-23|-36|-101|-94|-385|-350|-443|-470|-375|-460|-370|-280|-0.545280|-1.481112|74.942703
-63|-82|-149|-136|-361|-324|-415|-444|-411|-479|-384|-312|-0.395741|-1.559020|70.557037
-88|-108|-174|-161|-346|-311|-399|-427|-407|-465|-368|-306|-0.800441|-1.424361|65.309357
-109|-131|-198|-183|-331|-298|-384|-411|-411|-461|-363|-312|-0.631462|-1.500170|63.639206
-149|-174|-243|-226|-311|-280|-366|-393|-425|-460|-356|-320|-0.917669|-1.374948|55.551018
-162|-188|-260|-242|-299|-268|-354|-380|-432|-461|-357|-327|-1.001362|-1.317584|53.590576
-181|-208|-281|-262|-281|-251|-337|-362|-441|-462|-356|-336|-1.008489|-1.343582|50.140778
-184|-212|-285|-266|-278|-249|-333|-358|-443|-461|-356|-338|-1.207136|-1.185748|48.518192
-200|-230|-305|-285|-259|-231|-314|-340|-450|-460|-355|-347|-1.007125|-1.374168|46.507847
-222|-253|-329|-307|-233|-206|-287|-311|-459|-457|-351|-355|-1.436755|-1.023008|38.864307
-237|-270|-348|-325|-211|-185|-266|-289|-463|-452|-349|-363|-1.215843|-1.227164|37.485748
-252|-287|-369|-343|-181|-157|-237|-258|-477|-455|-355|-382|-1.616787|-0.832625|29.799139
-267|-304|-387|-361|-149|-128|-205|-225|-479|-446|-349|-388|-1.428702|-1.052568|27.384226
-290|-327|-412|-386|-107|-91|-162|-177|-469|-421|-327|-382|-1.683193|-0.590928|17.584509
-314|-352|-436|-408|-71|-60|-125|-135|-454|-394|-300|-371|-1.530687|-0.625151|13.645421
-335|-375|-458|-429|-45|-38|-97|-104|-438|-368|-272|-354|-1.543802|-0.256516|7.554502
-349|-391|-473|-441|-25|-21|-74|-78|-425|-347|-251|-342|-1.447916|-0.310600|5.711361
-349|-392|-473|-441|14|15|-35|-37|-422|-336|-249|-350|-1.491038|-0.119022|-0.477432
-352|-396|-479|-444|46|45|2|3|-407|-314|-233|-344|-1.430687|-0.064426|-4.676818
-359|-406|-483|-446|64|63|28|30|-389|-290|-209|-326|-1.340570|0.078869|-8.174312
-364|-417|-491|-447|90|90|61|60|-382|-276|-198|-324|-1.283025|0.117341|-11.908367
-364|-418|-490|-444|109|109|85|83|-377|-267|-192|-323|-1.244987|0.248060|-14.963881
-361|-420|-489|-437|129|132|114|107|-377|-262|-193|-329|-1.240260|0.279311|-17.790401
-353|-422|-485|-424|145|157|144|126|-392|-275|-212|-350|-1.248900|0.442667|-21.269022
-337|-419|-474|-398|142|174|160|120|-436|-324|-270|-400|-1.392952|0.614724|-22.882900
-305|-398|-443|-358|113|165|149|89|-479|-383|-327|-433|-1.617392|0.729958|-21.886303
-286|-382|-421|-334|92|151|137|70|-489|-406|-348|-440|-1.755079|0.687026|-20.367039
-297|-386|-418|-339|121|181|166|99|-465|-369|-318|-420|-1.602991|0.679982|-24.778219
-330|-409|-430|-364|170|230|216|150|-427|-303|-257|-380|-1.273132|0.732358|-30.138794
-370|-430|-434|-390|228|282|271|210|-355|-200|-162|-306|-0.913578|0.544572|-34.032368
-388|-431|-425|-397|262|311|298|242|-303|-131|-102|-255|-0.574429|0.626443|-37.834679
-402|-426|-411|-400|291|332|319|270|-246|-63|-43|-203|-0.490187|0.325776|-38.707584
-408|-414|-393|-399|318|353|338|294|-193|0|8|-155|-0.112868|0.440703|-42.839607
-399|-382|-351|-378|347|372|352|318|-117|79|71|-86|-0.056322|0.061027|-45.134197
-381|-347|-311|-353|360|375|353|330|-52|139|119|-30|0.304522|0.091931|-48.778149
-351|-298|-263|-318|367|372|348|334|17|194|160|26|0.430827|-0.141881|-51.984955
-346|-292|-258|-314|365|366|344|332|26|200|163|31|0.505910|-0.174758|-52.326782
-343|-291|-259|-313|359|361|339|327|19|190|155|25|0.501151|-0.146660|-51.711815
-342|-291|-259|-312|357|360|337|325|17|187|152|23|0.500072|-0.127776|-51.815613
-342|-291|-259|-313|356|359|337|324|14|185|151|21|0.495748|-0.117429|-51.712460
-342|-291|-260|-313|356|358|336|323|13|183|149|19|0.493544|-0.110038|-51.657463
-340|-292|-263|-313|354|359|334|320|-8|161|129|0|0.460378|-0.030477|-51.644909
-341|-293|-264|-315|355|360|335|321|-11|159|127|-3|0.439796|-0.013457|-51.588219
-340|-289|-259|-312|360|361|339|329|5|176|145|14|0.457867|-0.091080|-52.164101
-328|-269|-240|-301|374|354|341|349|76|242|208|77|0.583313|-0.367377|-53.836086
-306|-237|-209|-281|370|322|325|361|191|339|308|186|0.750670|-0.863375|-55.438599
-289|-219|-196|-269|370|313|323|367|224|362|324|205|0.812118|-1.003783|-57.782932
-277|-207|-185|-257|374|313|326|375|237|372|333|215|0.794283|-1.085256|-59.580654
-258|-189|-167|-240|377|311|328|383|257|385|345|230|0.790118|-1.179548|-61.791348
-219|-146|-121|-197|342|256|284|359|357|454|426|338|0.871845|-1.679420|-64.662354
-200|-129|-108|-182|303|215|253|334|392|467|442|365|0.928168|-1.909139|-64.911789
-200|-128|-108|-182|302|215|253|334|390|466|440|364|0.976963|-1.906398|-64.345108
-198|-128|-108|-180|301|215|252|331|382|456|429|353|1.004507|-1.878320|-64.374977
-195|-127|-108|-179|300|215|252|329|373|448|423|347|0.985409|-1.878391|-64.394669
-195|-127|-107|-179|300|215|252|329|373|448|423|347|0.993978|-1.878879|-64.487297
-195|-127|-107|-179|299|215|252|329|374|449|423|348|0.988827|-1.884310|-64.497276
-194|-125|-105|-177|299|214|251|329|377|451|426|351|0.991006|-1.895277|-64.734703
-192|-124|-103|-175|298|213|251|329|381|455|429|355|0.977631|-1.914062|-65.015694
-191|-123|-102|-174|298|212|250|328|383|456|429|355|0.977666|-1.919366|-65.137611
-180|-112|-92|-163|297|211|251|330|387|457|432|360|0.981206|-1.946826|-66.470428
-175|-106|-85|-157|298|212|251|331|397|465|437|367|0.923091|-2.004152|-67.688637
-173|-107|-88|-157|310|223|267|348|389|462|429|350|0.872100|-1.948229|-68.888527
-172|-119|-104|-159|350|267|314|391|336|426|390|293|0.729901|-1.694651|-70.799301
-151|-107|-93|-141|366|285|336|413|327|419|378|275|0.556641|-1.640057|-74.445091
-131|-93|-80|-120|380|301|358|433|320|412|367|260|0.434861|-1.599903|-77.719933
-113|-82|-69|-102|388|310|372|444|315|408|359|250|0.300049|-1.582060|-80.483536
-96|-71|-54|-80|400|326|395|463|311|406|351|238|0.210923|-1.514496|-83.577103
-59|-42|-17|-33|409|340|417|480|319|411|346|235|0.063611|-1.494086|-89.455658
-13|0|29|18|399|336|416|473|326|407|334|235|-0.094933|-1.513328|-95.418854
20|32|68|60|381|324|410|459|341|412|337|250|-0.288044|-1.556799|-100.815094
32|42|86|81|355|306|396|437|354|419|348|268|-0.465018|-1.631863|-103.576012
31|41|92|87|328|285|376|411|362|423|361|288|-0.569537|-1.728959|-104.993668
30|40|96|90|305|266|357|388|370|427|371|302|-0.653917|-1.834957|-106.095215
42|54|117|109|293|255|348|377|378|431|377|316|-0.708160|-1.886068|-108.916245
59|73|136|127|279|243|332|360|388|434|377|323|-0.807760|-1.903191|-112.379471
84|103|171|157|252|219|307|333|407|442|383|344|-0.960684|-1.940007|-118.262794
94|115|184|168|241|208|296|322|414|445|385|351|-1.158653|-1.874504|-121.125099
101|123|194|177|233|200|287|312|419|446|388|357|-1.246810|-1.853911|-123.409599
124|150|224|203|207|177|264|286|432|449|389|371|-1.336992|-1.861224|-129.318436
164|196|278|252|165|138|217|235|446|444|382|388|-1.565354|-1.744422|-140.876205
185|221|304|274|126|104|179|193|450|436|376|397|-1.868595|-1.468185|-149.404816
193|230|314|282|108|89|161|175|449|431|373|399|-2.000263|-1.251369|-152.608902
193|230|315|282|107|87|161|175|449|430|372|399|-2.065800|-1.120301|-153.750351
194|231|315|283|106|86|160|173|449|430|371|399|-2.084523|-1.079520|-154.187332
194|231|315|283|106|86|159|173|448|429|371|398|-2.093766|-1.056996|-154.451355
194|231|315|283|106|86|159|173|449|429|370|398|-2.091763|-1.047056|-154.223648
194|231|315|283|105|86|159|173|448|429|371|398|-2.095271|-1.061269|-154.325607
194|232|315|283|106|86|160|173|449|429|371|398|-2.088031|-1.053220|-154.137863
194|231|315|282|105|85|158|172|450|430|373|400|-2.094081|-1.065177|-154.297256
203|246|350|312|93|76|149|155|454|427|352|389|-2.024439|-0.993573|-157.816376
254|306|395|346|96|82|137|145|437|407|318|364|-1.871376|-0.761999|-162.255142
278|338|421|364|104|89|130|138|420|389|288|339|-1.779792|-0.498441|-164.347610
290|357|433|368|108|93|121|132|404|374|264|317|-1.716713|-0.370863|-165.599243
298|372|432|360|122|105|114|128|365|339|222|272|-1.624997|-0.199886|-166.086639
288|365|410|337|124|104|97|116|325|305|194|239|-1.625215|-0.005508|-167.673203
290|367|410|337|121|100|93|113|323|302|192|238|-1.643093|0.121093|-168.459381
290|367|410|336|119|96|86|107|323|302|194|241|-1.652154|0.193956|-169.462585
293|372|411|337|105|80|71|96|327|301|196|245|-1.655607|0.228782|-171.398132
294|373|411|337|101|75|67|93|328|302|197|247|-1.664825|0.254813|-172.160934
294|373|411|337|102|75|68|93|329|302|197|246|-1.673457|0.284997|-171.846771
294|373|411|337|102|75|67|93|329|302|197|247|-1.670185|0.302328|-172.130234
294|374|412|338|102|75|66|92|329|302|193|243|-1.667021|0.329050|-172.318665
299|379|414|341|101|74|65|91|324|296|190|241|-1.639384|0.331453|-172.546829
305|385|418|344|103|75|64|92|321|290|182|235|-1.601193|0.354870|-172.578445
306|387|421|346|106|77|66|95|329|299|191|243|-1.611307|0.303678|-172.321014
307|392|428|349|113|81|72|102|352|324|211|262|-1.638745|0.151421|-170.922028
308|393|428|350|113|81|71|102|353|324|211|262|-1.633919|0.107841|-170.739914
336|419|448|374|99|64|50|84|337|294|174|237|-1.464448|0.162247|-173.790665
388|464|471|410|69|31|12|48|291|220|101|183|-1.121753|0.259536|-178.908936
428|491|479|432|39|0|-22|16|238|144|31|128|-0.771961|0.304855|177.241165
451|504|481|442|19|-20|-41|-3|201|93|-11|94|-0.529154|0.289054|175.098099
451|504|481|442|19|-21|-41|-3|202|93|-11|93|-0.484132|0.307062|175.260086
452|505|482|444|19|-22|-44|-6|202|93|-13|92|-0.486465|0.300052|175.116241
469|508|472|447|-22|-64|-82|-43|160|34|-57|57|-0.275141|0.309266|170.283966
468|506|470|445|-24|-65|-83|-44|159|33|-58|56|-0.247709|0.319840|170.354111
475|486|423|427|-72|-109|-134|-102|45|-100|-174|-60|0.286808|0.372034|164.368546
460|444|376|400|-120|-149|-164|-138|-53|-201|-236|-123|0.698114|0.114988|159.121429
455|440|374|397|-117|-146|-161|-134|-46|-192|-228|-116|0.703954|0.038747|158.337784
455|440|374|397|-117|-146|-161|-134|-46|-192|-228|-116|0.712405|0.044060|158.281937
455|440|374|397|-117|-146|-161|-134|-46|-192|-228|-116|0.712245|0.043347|158.293304
455|440|374|397|-118|-146|-161|-134|-46|-192|-228|-117|0.712596|0.041336|158.264099
455|440|374|397|-117|-146|-161|-134|-45|-191|-227|-116|0.710455|0.046530|158.300888
455|440|374|397|-117|-146|-161|-133|-42|-187|-223|-111|0.699023|0.059108|158.301651
453|439|375|397|-118|-147|-161|-134|-37|-182|-218|-107|0.680942|0.057223|158.072617
455|441|376|399|-119|-148|-161|-134|-37|-184|-222|-109|0.681898|0.057531|158.175674
462|445|380|404|-118|-144|-159|-133|-46|-193|-233|-119|0.696600|0.007213|158.723328
470|452|385|412|-114|-137|-155|-132|-58|-208|-250|-135|0.732410|-0.038320|159.293289
483|461|392|423|-108|-128|-147|-129|-78|-228|-275|-157|0.778876|-0.114616|160.673767
501|472|407|445|-97|-104|-124|-117|-104|-255|-314|-195|0.873415|-0.197414|162.901642
514|470|416|469|-77|-63|-77|-91|-129|-272|-347|-233|0.958303|-0.268770|167.237106
512|458|415|476|-59|-32|-41|-68|-143|-273|-358|-252|1.049438|-0.166204|170.194168
509|454|413|477|-55|-25|-33|-64|-146|-273|-359|-256|1.037100|-0.225211|170.172119
510|454|413|477|-55|-25|-33|-64|-146|-273|-360|-257|1.054510|-0.155633|170.346649
510|455|413|478|-55|-25|-33|-63|-146|-274|-360|-257|1.036146|-0.237955|169.898865
511|456|414|479|-53|-23|-32|-62|-148|-275|-362|-259|1.061265|-0.141616|170.726532
511|455|414|479|-53|-24|-32|-62|-148|-275|-361|-259|1.035247|-0.243515|169.953827
511|455|414|478|-54|-23|-32|-62|-148|-275|-361|-259|1.062572|-0.136512|170.664108
509|453|414|478|-53|-23|-32|-62|-147|-274|-361|-258|1.032924|-0.256381|169.918457
511|455|414|478|-53|-23|-32|-62|-148|-275|-360|-258|1.062392|-0.124924|170.787796
509|453|413|476|-53|-24|-32|-61|-146|-272|-358|-257|1.029441|-0.264289|170.112961
507|452|411|474|-51|-22|-30|-60|-145|-270|-356|-255|1.060946|-0.111892|170.942734
509|454|411|475|-51|-22|-31|-60|-149|-275|-361|-260|1.041879|-0.270999|170.284225
515|465|418|474|-50|-29|-43|-64|-140|-272|-356|-249|1.045180|-0.018950|170.582703
518|478|420|468|-41|-31|-51|-61|-131|-267|-348|-238|0.970286|-0.232257|169.997437
507|479|411|447|-24|-26|-55|-54|-130|-262|-339|-233|1.039233|0.104314|172.265167
475|461|382|404|-14|-29|-69|-56|-133|-258|-320|-221|1.066754|0.049511|170.906967
457|447|375|393|-7|-22|-62|-49|-132|-250|-312|-216|1.087390|0.071281|171.872467
454|442|370|391|-6|-21|-60|-49|-140|-257|-318|-224|1.120860|0.059103|171.835129
456|444|370|391|-6|-21|-60|-49|-141|-258|-319|-225|1.123082|0.065078|171.872284
456|444|369|390|-6|-21|-60|-49|-141|-259|-319|-225|1.125753|0.067853|171.885757
455|443|368|389|9|-3|-44|-35|-153|-266|-331|-240|1.163728|0.037881|173.957962
452|443|369|387|41|34|-13|-8|-168|-273|-346|-260|1.221082|0.084997|178.185760
452|449|377|390|76|72|20|21|-162|-258|-342|-259|1.192486|0.176179|-177.147568
450|456|394|398|118|118|63|62|-138|-224|-325|-246|1.064865|0.235516|-171.403885
447|462|408|405|154|156|97|93|-110|-186|-305|-228|0.898209|0.343084|-167.003281
440|460|413|404|182|189|130|122|-93|-159|-290|-218|0.794635|0.382090|-163.171936
427|449|409|398|212|222|165|151|-87|-141|-281|-216|0.724010|0.417026|-158.846100
404|428|397|383|251|268|213|192|-74|-110|-259|-207|0.619474|0.447531|-152.913605
375|398|381|366|282|306|252|224|-72|-93|-250|-208|0.541281|0.502167|-147.671936
375|397|377|364|286|311|254|226|-84|-104|-261|-220|0.538262|0.573130|-147.504089
368|386|363|351|293|322|271|239|-100|-116|-268|-233|0.604252|0.538582|-145.684021
311|328|324|312|339|377|330|285|-92|-80|-240|-225|0.491685|0.603049|-136.131638
265|277|285|276|359|404|364|312|-87|-58|-218|-217|0.363316|0.646150|-129.872421
227|232|247|242|372|423|388|329|-100|-58|-214|-225|0.277609|0.724354|-124.763832
188|184|205|208|378|435|405|340|-116|-63|-211|-233|0.217041|0.798209|-119.406799
156|143|166|177|377|438|414|344|-138|-79|-221|-250|0.161735|0.901902|-115.064804
130|108|126|146|379|444|420|346|-181|-117|-252|-288|0.190938|1.051732|-110.494667
102|70|85|113|378|446|424|346|-216|-147|-274|-317|0.189585|1.205380|-106.019501
77|39|49|85|377|446|423|342|-246|-172|-289|-340|0.153920|1.333621|-101.837898
64|22|32|70|374|444|423|342|-259|-184|-298|-350|0.090184|1.407021|-99.384659
62|21|31|69|374|444|422|342|-260|-184|-298|-351|0.039216|1.409660|-99.090508
62|20|30|69|374|444|423|342|-260|-185|-298|-351|0.046990|1.407656|-99.137718
55|11|16|57|372|443|421|339|-270|-194|-306|-362|0.076022|1.441247|-97.872337
27|-25|-22|26|365|438|417|333|-303|-223|-324|-385|0.059770|1.555017|-93.071930
0|-60|-66|-11|353|427|404|319|-338|-255|-346|-414|-0.127101|1.695367|-87.311462
-38|-106|-121|-57|331|406|381|295|-381|-297|-372|-445|-0.272034|1.843050|-79.976189
-72|-147|-166|-96|301|375|353|269|-408|-324|-380|-456|-0.607158|1.905496|-72.352982
-107|-186|-210|-137|280|350|329|246|-420|-334|-375|-456|-0.738163|1.874751|-65.524612
-148|-234|-265|-186|245|316|292|211|-454|-368|-389|-476|-1.088232|1.810675|-55.492249
-208|-300|-338|-256|193|259|237|162|-474|-385|-373|-466|-1.327065|1.640646|-41.597179
-262|-352|-394|-313|159|215|198|133|-461|-366|-329|-432|-1.531199|1.171193|-30.878464
-298|-385|-430|-352|123|170|157|101|-444|-347|-295|-402|-1.528127|0.862090|-23.143219
-325|-411|-455|-380|78|121|107|58|-434|-343|-269|-374|-1.544978|0.590148|-14.946331
-349|-431|-477|-405|31|66|55|13|-416|-331|-239|-339|-1.458346|0.386587|-7.983709
-368|-445|-492|-426|-5|23|12|-21|-398|-316|-210|-309|-1.365155|0.176271|-2.653547
-381|-453|-503|-443|-33|-12|-25|-50|-386|-306|-190|-287|-1.265418|0.064337|1.838060
-386|-452|-506|-451|-49|-33|-51|-70|-382|-306|-186|-280|-1.218675|-0.093557|4.694808
-382|-440|-502|-454|-58|-46|-74|-88|-392|-317|-198|-289|-1.247465|-0.100197|6.557703
-368|-416|-485|-448|-62|-54|-98|-106|-408|-336|-225|-311|-1.330433|-0.298062|9.242688
-340|-380|-455|-427|-67|-60|-119|-127|-426|-361|-263|-338|-1.480116|-0.302206|11.662219
-301|-336|-414|-389|-85|-74|-144|-157|-445|-392|-304|-363|-1.644299|-0.526970|16.575373
-274|-309|-386|-361|-120|-104|-179|-195|-453|-413|-323|-368|-1.686986|-0.602194|22.480841
-260|-294|-371|-347|-146|-127|-202|-221|-454|-423|-331|-366|-1.599954|-0.865939|27.673553
-247|-281|-356|-333|-181|-159|-241|-261|-456|-436|-338|-360|-1.541445|-0.842503|32.368355
-228|-259|-333|-311|-213|-189|-271|-294|-451|-444|-343|-352|-1.393884|-1.116591|38.998634
-199|-228|-298|-278|-252|-225|-310|-335|-443|-451|-350|-340|-1.333123|-1.080960|45.457237
-167|-192|-261|-242|-286|-257|-344|-369|-430|-454|-353|-325|-1.050921|-1.390147|53.650246
-128|-151|-216|-200|-315|-285|-371|-397|-413|-454|-355|-311|-1.043856|-1.286565|59.576633
-111|-132|-197|-183|-323|-292|-378|-405|-404|-452|-355|-305|-0.659921|-1.544491|63.662243
-106|-124|-181|-169|-351|-318|-402|-431|-382|-436|-333|-274|-0.864178|-1.224639|64.411514
-105|-121|-167|-157|-379|-340|-420|-455|-362|-419|-310|-243|-0.366555|-1.380348|69.863785
-101|-117|-159|-149|-388|-346|-425|-463|-358|-417|-307|-237|-0.663838|-1.176207|67.773155
-99|-115|-151|-141|-404|-360|-435|-476|-343|-406|-291|-216|-0.277881|-1.268218|71.610710
-114|-131|-155|-144|-419|-369|-437|-484|-328|-387|-266|-192|-0.492255|-1.054212|68.415306
-125|-143|-156|-143|-431|-376|-434|-486|-304|-360|-233|-160|-0.184344|-1.056867|70.256386
-146|-163|-165|-153|-431|-372|-423|-479|-282|-330|-204|-136|-0.332694|-0.892554|66.547386
-161|-176|-168|-157|-428|-367|-411|-469|-258|-300|-174|-111|-0.146582|-0.872853|66.382477
-168|-182|-164|-153|-423|-360|-398|-456|-233|-270|-149|-88|-0.143081|-0.780547|65.313324
-169|-182|-159|-148|-417|-354|-386|-445|-216|-251|-133|-75|-0.072920|-0.765488|65.435295
-169|-182|-159|-148|-417|-354|-387|-447|-216|-250|-134|-76|-0.082081|-0.749111|65.398422
-168|-181|-159|-148|-416|-354|-387|-447|-215|-250|-134|-76|-0.085354|-0.746155|65.485435
-168|-181|-159|-148|-416|-354|-387|-447|-216|-251|-134|-76|-0.074804|-0.745326|65.358528
-168|-181|-159|-148|-417|-354|-387|-446|-216|-251|-134|-76|-0.088764|-0.745916|65.487846
-168|-182|-159|-148|-416|-353|-387|-447|-216|-251|-134|-76|-0.071501|-0.747384|65.329498
-168|-182|-159|-148|-416|-353|-387|-447|-216|-251|-134|-76|-0.087158|-0.747620|65.460487
-168|-181|-159|-148|-417|-353|-387|-447|-216|-251|-134|-77|-0.073445|-0.747253|65.368935
-133|-154|-133|-114|-425|-357|-391|-454|-235|-278|-167|-103|-0.139029|-0.834426|69.616211
-107|-133|-115|-91|-427|-358|-391|-456|-248|-298|-189|-122|-0.097996|-0.936616|72.527855
-81|-111|-96|-67|-429|-359|-391|-457|-261|-316|-211|-140|-0.093013|-1.011655|75.359543
-61|-95|-83|-50|-429|-357|-389|-456|-269|-328|-225|-153|-0.072283|-1.066618|77.419678
-42|-80|-69|-33|-429|-356|-388|-455|-276|-339|-240|-165|-0.054033|-1.123000|79.568436
-18|-59|-50|-10|-428|-354|-385|-454|-286|-354|-258|-181|-0.038887|-1.187083|82.375183
7|-39|-34|11|-426|-351|-381|-451|-296|-368|-277|-197|0.015952|-1.266648|85.228897
23|-25|-23|24|-424|-348|-379|-449|-302|-377|-287|-206|0.063733|-1.297398|87.100777
23|-25|-23|24|-424|-348|-379|-449|-302|-377|-287|-205|0.088222|-1.294563|87.120049
23|-25|-24|24|-422|-346|-379|-449|-300|-375|-287|-206|0.066036|-1.300128|87.007446
67|12|12|67|-426|-351|-379|-447|-300|-388|-304|-214|0.067222|-1.313457|92.511223
103|46|45|103|-436|-365|-388|-450|-278|-380|-297|-196|0.247879|-1.227600|97.677780
162|102|97|157|-448|-388|-401|-450|-230|-356|-277|-160|0.220913|-1.029121|103.971817
212|153|144|204|-454|-410|-410|-443|-163|-311|-235|-105|0.346833|-0.755469|109.919243
249|198|186|239|-444|-423|-407|-417|-66|-230|-158|-21|0.241674|-0.398446|113.796051
281|241|226|268|-409|-416|-384|-369|41|-129|-73|61|0.189392|0.009474|119.410896
304|274|254|287|-365|-393|-353|-320|107|-61|-20|107|0.096212|0.324147|123.955322
320|298|271|297|-320|-362|-322|-279|149|-13|11|130|0.032265|0.569029|128.021713
319|297|270|296|-319|-362|-321|-279|148|-14|11|128|0.061805|0.635022|128.138123
319|296|269|295|-319|-361|-322|-279|147|-14|10|127|0.081063|0.669737|128.138123
315|293|266|291|-318|-359|-320|-279|141|-19|4|120|0.125876|0.683000|127.968338
312|288|260|287|-316|-356|-319|-279|125|-32|-7|108|0.208282|0.678431|127.570015
329|306|275|303|-305|-344|-311|-272|108|-52|-33|84|0.284635|0.640802|130.388153
359|339|302|328|-281|-320|-295|-255|91|-71|-61|59|0.299091|0.568499|135.226761
398|392|353|366|-229|-272|-254|-210|103|-56|-67|56|0.194098|0.542768|143.566376
416|425|386|386|-184|-231|-223|-175|136|-19|-46|76|-0.016427|0.526080|149.149445
420|443|409|396|-154|-204|-200|-150|173|27|-15|107|-0.241807|0.518048|152.837509
415|451|423|399|-130|-183|-180|-129|212|74|23|142|-0.451610|0.533350|155.343262
402|451|432|395|-106|-161|-159|-104|257|132|72|185|-0.704893|0.582059|158.136765
380|443|436|385|-72|-126|-124|-69|301|194|125|227|-0.995815|0.605878|162.440140
345|421|431|364|-23|-75|-74|-21|345|265|188|271|-1.353260|0.603405|168.289429
301|384|409|332|18|-29|-27|21|377|325|243|306|-1.704461|0.534102|173.652222
278|363|397|317|34|-10|-8|36|385|346|263|318|-1.875479|0.462875|176.709488
261|346|386|305|38|-2|0|42|392|360|280|329|-2.001281|0.402365|178.046509
258|344|386|304|37|-3|0|41|394|364|283|332|-2.043882|0.374912|178.304230
261|348|390|308|39|-2|1|43|398|366|285|334|-2.043027|0.362184|178.911270
264|353|396|313|42|0|4|45|403|372|288|339|-2.025230|0.308427|179.287979
266|355|399|314|43|1|5|47|406|375|290|341|-2.023606|0.278237|179.776016
266|355|399|314|43|2|5|47|407|375|290|341|-2.025231|0.256674|179.979538
266|355|400|315|43|2|5|47|407|376|291|342|-2.016319|0.242521|179.752136
267|357|402|317|45|2|6|49|411|380|294|345|-2.014645|0.245870|179.926880
268|358|404|318|46|3|7|50|414|383|296|347|-2.016055|0.235877|-179.861084
279|370|420|333|55|16|22|61|412|379|286|341|-1.950255|0.207591|-177.731110
288|378|430|344|75|39|43|77|407|377|275|330|-1.885423|0.115417|-174.405899
290|381|433|346|79|44|48|81|405|375|272|326|-1.842387|-0.003665|-173.756073
291|381|434|347|80|45|48|82|405|376|272|327|-1.829949|-0.017713|-173.781815
291|381|437|352|80|46|50|83|408|378|277|334|-1.828511|-0.035977|-173.500610
304|393|460|376|71|40|54|82|429|391|287|354|-1.778673|-0.162730|-173.247162
288|353|437|375|44|27|71|82|456|408|324|395|-1.915074|-0.310799|-172.580826
270|316|407|365|26|16|76|81|442|389|321|390|-1.977306|-0.374944|-172.333282
273|320|407|367|31|21|80|85|441|387|317|385|-1.967863|-0.353903|-171.780762
273|319|407|367|31|21|80|85|440|386|316|384|-1.960152|-0.392394|-171.602325
273|320|407|367|31|21|80|85|439|386|316|384|-1.959229|-0.372254|-171.705734
273|319|407|367|31|21|80|85|439|386|316|384|-1.961496|-0.376382|-171.833054
276|322|410|371|33|24|85|90|438|384|309|377|-1.935223|-0.369483|-171.310577
298|337|418|388|55|47|110|113|417|361|277|343|-1.791449|-0.391262|-168.085236
323|354|430|410|77|69|134|137|399|340|243|309|-1.586469|-0.463800|-165.374725
352|376|444|433|90|84|147|149|373|308|200|267|-1.356736|-0.495983|-164.771027
388|401|457|458|105|101|162|161|328|257|136|203|-1.065483|-0.465658|-163.870712
423|421|459|475|123|121|178|175|264|188|57|121|-0.700475|-0.406247|-163.208282
449|429|444|477|146|147|197|192|174|99|-42|14|-0.273844|-0.314824|-161.782822
457|419|410|458|174|176|217|212|72|4|-136|-98|0.190864|-0.182066|-159.224945
454|412|400|451|178|179|216|212|52|-12|-142|-105|0.293894|-0.093708|-159.252731
462|423|415|464|167|167|210|207|86|17|-115|-73|0.177372|-0.154940|-160.476547
463|423|414|464|167|167|209|206|86|17|-115|-73|0.169858|-0.155040|-160.452148
462|423|415|464|167|167|209|206|87|17|-115|-73|0.163311|-0.148843|-160.459579
462|423|413|462|167|167|208|206|87|17|-115|-72|0.164171|-0.150105|-160.526749
462|423|415|464|168|167|209|207|87|17|-115|-73|0.163436|-0.148205|-160.465469
462|423|414|464|167|167|209|206|87|17|-115|-73|0.164903|-0.151318|-160.524918
462|422|414|463|167|167|209|206|84|15|-117|-75|0.173602|-0.148277|-160.504608
461|419|406|457|168|170|208|202|55|-13|-145|-105|0.286793|-0.105987|-160.504105
457|415|402|454|170|173|209|203|38|-27|-158|-119|0.358057|-0.089778|-160.268448
462|418|405|458|172|177|212|205|30|-36|-168|-130|0.390115|-0.055823|-160.215820
471|431|427|476|155|161|197|187|56|-17|-149|-98|0.278084|-0.082413|-162.987762
476|449|460|499|117|126|164|151|115|30|-102|-32|0.028526|-0.119379|-167.573898
475|459|482|511|84|95|134|118|157|64|-66|17|-0.173672|-0.140790|-171.021866
471|463|496|516|58|70|107|91|189|91|-32|62|-0.342862|-0.160549|-173.790710
456|463|509|513|19|30|66|50|245|141|27|135|-0.611640|-0.129157|-178.497574
419|446|507|490|-33|-24|9|-3|306|201|105|223|-0.986328|-0.048633|175.161575
374|417|489|452|-76|-71|-41|-48|352|249|172|293|-1.276529|0.093273|169.190247
328|384|460|407|-108|-108|-82|-85|380|283|227|348|-1.508854|0.248315|163.754333
296|359|439|380|-134|-136|-114|-112|385|292|245|363|-1.612611|0.357877|159.508896
297|360|440|379|-134|-135|-114|-113|381|288|240|359|-1.594629|0.423537|159.925720
297|360|439|379|-133|-135|-114|-113|379|286|238|356|-1.605416|0.398499|160.257172
298|360|437|377|-134|-136|-123|-124|373|278|225|344|-1.565039|0.379986|159.157272
300|362|426|365|-195|-194|-193|-193|308|199|163|296|-1.386597|0.220995|150.565308
298|360|421|361|-212|-210|-213|-214|294|182|149|286|-1.232489|0.318939|147.413483
288|350|402|341|-252|-250|-264|-264|259|139|115|261|-1.108143|0.297456|141.298447
266|329|368|304|-298|-301|-324|-315|232|104|101|251|-0.957804|0.382409|132.553665
234|302|330|263|-326|-341|-364|-340|239|109|125|271|-0.818730|0.616521|126.074371
205|275|296|226|-339|-368|-386|-348|257|130|160|299|-0.760666|0.806244|121.934685
168|241|256|184|-344|-388|-398|-344|287|167|212|337|-0.776529|1.036676|117.184715
125|197|206|134|-342|-401|-399|-329|321|213|274|380|-0.750544|1.343389|111.433052
70|139|145|77|-331|-406|-387|-303|362|270|343|421|-0.677035|1.712109|104.296272
30|93|98|37|-319|-403|-370|-280|380|304|382|440|-0.541139|1.946861|98.321953
-14|45|52|-4|-281|-373|-322|-227|419|367|445|473|-0.296849|2.327989|91.285652
-17|34|41|-6|-285|-374|-324|-235|392|337|410|439|-0.236459|2.283659|90.409111
-17|33|40|-6|-284|-372|-323|-236|382|327|401|432|-0.189315|2.276966|89.839111
-17|32|39|-6|-285|-372|-323|-236|381|327|401|432|-0.167262|2.274945|89.479805
-17|33|39|-7|-284|-371|-323|-236|382|326|401|432|-0.159109|2.279159|89.704346
-19|29|33|-11|-290|-377|-330|-243|378|321|397|429|-0.175100|2.243321|89.151703
-35|6|11|-27|-315|-400|-347|-262|362|299|387|421|-0.136694|2.117190|85.731796
-63|-34|-28|-56|-342|-423|-362|-282|344|277|376|412|-0.012105|1.963441|80.233490
-112|-95|-74|-93|-368|-444|-365|-291|348|284|396|428|0.380151|1.840456|71.505066
-142|-129|-100|-116|-368|-439|-355|-286|348|290|407|433|0.604588|1.751544|67.156479
-166|-155|-116|-131|-362|-425|-336|-274|357|307|420|442|0.751316|1.738225|63.493874
-186|-177|-128|-142|-345|-400|-309|-254|361|320|428|444|0.895661|1.748361|59.809021
-202|-192|-130|-146|-318|-363|-271|-225|375|346|440|452|1.108719|1.784955|55.345844
-194|-178|-105|-124|-289|-330|-236|-195|410|384|459|473|1.437847|1.838651|53.567619
-174|-156|-83|-104|-274|-314|-222|-183|433|405|465|481|1.503845|2.000944|55.019302
-174|-156|-82|-104|-273|-314|-222|-182|433|406|465|482|1.437640|2.066955|56.003120
-175|-158|-86|-106|-273|-312|-222|-184|421|394|454|471|1.420810|2.056119|55.882938
-179|-162|-93|-112|-265|-302|-216|-179|405|381|440|454|1.419944|2.051278|54.467541
-179|-163|-94|-113|-264|-300|-215|-179|401|377|438|452|1.478044|2.014401|53.919346
-180|-163|-94|-113|-264|-299|-214|-179|401|377|437|451|1.500146|2.011432|53.744202
-180|-163|-94|-114|-264|-299|-214|-179|401|378|438|452|1.493210|2.003549|53.637016
-185|-167|-94|-117|-255|-292|-205|-168|416|395|454|466|1.518947|2.037951|52.142483
-186|-167|-95|-117|-255|-291|-205|-169|416|396|454|465|1.594143|1.996179|51.755581
-187|-169|-98|-118|-257|-292|-207|-171|409|389|448|459|1.575146|1.983512|51.725006
-187|-169|-98|-119|-257|-293|-207|-172|408|388|447|459|1.570160|1.981535|51.887222
-187|-169|-97|-118|-256|-292|-207|-171|411|390|450|462|1.569899|1.989992|51.904514
-187|-169|-97|-119|-256|-292|-206|-170|413|392|452|463|1.566443|1.987642|51.823811
-188|-168|-95|-118|-255|-292|-205|-168|421|400|460|471|1.585465|1.998579|51.781696
-189|-167|-92|-117|-253|-291|-201|-163|439|418|477|489|1.594808|2.020959|51.603287
-203|-180|-104|-130|-260|-296|-209|-172|435|416|479|491|1.577105|1.954092|50.506706
-220|-196|-118|-144|-265|-298|-212|-177|425|408|477|488|1.579579|1.856314|48.458656
-261|-238|-162|-191|-264|-290|-212|-184|387|380|456|461|1.506522|1.678416|42.935093
-375|-340|-265|-305|-244|-251|-203|-191|259|284|387|377|1.192695|1.338142|29.790504
-418|-371|-298|-350|-194|-201|-167|-157|229|276|379|356|1.475566|0.675126|20.220747
-436|-378|-309|-372|-150|-161|-139|-127|221|278|376|346|1.488917|0.473560|15.728886
-441|-377|-314|-383|-120|-135|-123|-107|213|277|370|337|1.507020|0.306298|12.101199
-442|-370|-316|-393|-86|-109|-105|-83|207|273|364|329|1.531754|0.170225|8.108969
-425|-348|-299|-381|-47|-81|-76|-46|234|300|383|347|1.702337|0.029875|3.140958
-423|-342|-293|-379|-27|-66|-60|-24|264|332|410|371|1.805615|-0.084453|0.182075
-419|-335|-285|-374|-12|-56|-47|-6|289|357|431|391|1.897353|-0.134872|-1.779212
-417|-333|-285|-376|16|-33|-23|23|297|370|441|395|1.912665|-0.183726|-5.609220
-414|-330|-288|-378|43|-12|2|54|305|381|446|391|1.910330|-0.348443|-10.268864
-417|-335|-296|-385|64|6|18|71|293|377|443|381|1.841265|-0.475120|-12.796146
-419|-336|-296|-387|67|7|20|75|302|386|452|389|1.820585|-0.533540|-13.034171
-420|-337|-298|-388|68|8|21|76|303|387|453|390|1.820401|-0.516127|-12.623760
-421|-338|-298|-389|68|7|21|76|305|390|457|393|1.832651|-0.495951|-12.610944
-423|-339|-300|-391|69|7|21|77|306|392|458|394|1.823274|-0.505372|-12.749990
-436|-361|-331|-416|93|32|43|100|257|356|424|342|1.601263|-0.497115|-15.724618
-442|-370|-342|-425|98|37|47|104|245|348|419|332|1.508569|-0.583114|-15.924483
-447|-377|-350|-432|97|37|46|102|232|337|411|323|1.471404|-0.511957|-15.019898
-451|-382|-357|-437|97|38|46|101|221|328|402|311|1.419711|-0.506629|-14.912925
-458|-394|-374|-450|96|39|44|97|193|304|381|284|1.305215|-0.483736|-14.242058
-470|-414|-402|-471|100|45|48|98|142|259|342|235|1.102422|-0.436227|-14.025790
-478|-433|-431|-490|104|53|51|98|85|209|296|179|0.865405|-0.383410|-13.910556
-481|-449|-459|-505|108|62|56|99|17|147|238|111|0.560417|-0.332600|-13.880514
-475|-456|-477|-510|117|74|65|103|-45|89|178|43|0.289850|-0.247593|-14.104420
-446|-447|-486|-495|141|106|96|129|-135|-1|76|-69|-0.147695|-0.212561|-17.539434
-376|-407|-463|-437|174|151|142|161|-246|-124|-73|-218|-0.727054|0.022001|-22.654177
-338|-383|-449|-412|179|161|150|163|-289|-174|-123|-262|-0.972787|0.276558|-24.217716
-338|-382|-448|-411|179|161|150|163|-289|-174|-123|-262|-1.021652|0.238967|-24.064014
-338|-382|-448|-412|179|161|150|163|-289|-174|-123|-262|-1.018485|0.244284|-24.051968
-338|-382|-448|-412|178|161|150|163|-289|-174|-122|-261|-1.017202|0.243190|-24.027678
-338|-382|-448|-412|179|161|150|163|-288|-173|-121|-260|-1.014739|0.239646|-24.053488
-336|-379|-446|-410|180|162|153|167|-277|-162|-112|-251|-0.995650|0.206144|-24.414827
-338|-381|-446|-410|181|163|153|168|-276|-162|-111|-249|-0.983763|0.210787|-24.366003
-338|-383|-448|-410|183|166|159|172|-279|-163|-115|-256|-0.987805|0.224267|-24.851427
-341|-392|-456|-412|183|173|164|168|-304|-185|-134|-276|-1.008059|0.339673|-25.081396
-346|-403|-466|-416|170|169|157|152|-335|-216|-161|-301|-1.076135|0.410249|-23.516924
-348|-408|-469|-417|162|165|154|145|-349|-230|-172|-311|-1.151124|0.374810|-22.494923
-348|-409|-470|-417|160|165|153|142|-354|-235|-178|-316|-1.147732|0.409759|-22.566639
-349|-414|-474|-417|147|157|144|126|-371|-255|-194|-329|-1.202609|0.433508|-20.959049
-356|-424|-481|-423|133|148|135|114|-380|-265|-196|-329|-1.220799|0.397287|-19.119198
-375|-439|-492|-438|130|144|132|112|-365|-244|-170|-306|-1.120122|0.353231|-18.448336
-397|-455|-503|-457|127|136|125|109|-342|-215|-135|-276|-0.998406|0.282555|-17.175465
-414|-467|-511|-470|124|132|122|108|-322|-191|-105|-249|-0.888201|0.241093|-16.749552
-436|-481|-518|-487|125|129|121|111|-290|-151|-62|-210|-0.729061|0.181630|-16.288908
-457|-492|-523|-502|125|124|117|112|-252|-108|-14|-164|-0.541695|0.135630|-15.610778
-477|-501|-524|-516|121|114|108|110|-207|-58|39|-113|-0.337160|0.039421|-14.868671
-492|-504|-521|-524|117|103|98|106|-163|-12|88|-62|-0.148424|0.002926|-14.306293
-504|-504|-513|-528|111|92|88|101|-117|35|137|-10|0.029036|-0.068999|-13.052770
-509|-497|-501|-527|105|80|76|96|-68|81|184|42|0.240721|-0.105422|-12.599524
-508|-483|-482|-522|97|63|59|89|-15|129|231|98|0.440387|-0.195477|-11.585388
-501|-460|-451|-509|80|36|29|69|56|187|293|177|0.746265|-0.250669|-9.592719
-487|-435|-425|-491|63|14|9|53|99|216|311|209|0.938187|-0.268300|-8.513924
-486|-434|-425|-490|63|15|9|54|97|213|310|207|0.940885|-0.275403|-8.875849
-487|-435|-425|-491|63|15|9|54|98|215|311|208|0.944325|-0.287353|-8.912095
-488|-436|-426|-493|63|14|8|53|100|217|314|211|0.951212|-0.282573|-8.784402
-490|-439|-431|-497|62|13|7|53|97|214|312|207|0.930047|-0.281462|-8.625643
-494|-448|-445|-505|69|21|16|60|72|194|293|180|0.824597|-0.263984|-9.427042
-493|-453|-455|-510|80|33|26|69|43|169|266|149|0.687067|-0.266066|-10.409204
-491|-455|-462|-512|85|39|30|72|21|149|247|127|0.597265|-0.257018|-10.572493
-490|-456|-464|-513|85|40|31|72|14|141|240|119|0.560531|-0.244810|-10.429814
-490|-456|-464|-513|84|40|30|72|12|140|239|118|0.555193|-0.255837|-10.491879
-490|-456|-464|-513|85|40|31|73|13|141|240|119|0.557096|-0.240595|-10.426455
-489|-456|-463|-512|86|41|32|74|14|141|240|119|0.560276|-0.257659|-10.735203
-490|-456|-463|-513|87|42|33|75|14|142|242|119|0.562807|-0.255420|-10.789171
-490|-457|-464|-513|88|43|34|76|15|144|242|120|0.565547|-0.253539|-10.894553
-491|-457|-464|-513|90|44|36|78|17|147|245|123|0.574781|-0.255724|-11.096304
-491|-457|-462|-512|91|46|38|80|20|150|248|125|0.588252|-0.246193|-11.240909
-491|-457|-463|-512|91|46|38|80|21|151|249|125|0.579340|-0.262960|-11.497203
-491|-456|-462|-512|91|45|38|80|20|150|248|125|0.578989|-0.258549|-11.423689
-490|-456|-462|-512|90|45|37|79|20|149|247|125|0.577085|-0.261069|-11.342925
-490|-456|-462|-512|90|44|37|79|19|149|246|124|0.574928|-0.258933|-11.331263
-490|-456|-462|-511|90|45|37|78|18|148|245|123|0.580280|-0.249564|-11.065355
-481|-459|-473|-509|107|68|61|96|-32|101|193|61|0.360547|-0.229831|-13.511242
-478|-465|-481|-508|111|78|70|99|-72|66|157|21|0.190062|-0.149427|-13.544735
-481|-473|-490|-511|109|81|74|97|-93|47|141|2|0.091087|-0.125461|-13.339115
-483|-479|-494|-512|109|84|78|97|-106|36|130|-10|0.049720|-0.092296|-13.447814
-487|-487|-501|-515|107|88|82|96|-121|23|119|-24|-0.004891|-0.063450|-13.258827
-490|-494|-506|-516|105|90|85|95|-135|11|107|-37|-0.060024|-0.020436|-13.297432
-491|-499|-510|-516|104|92|89|95|-144|4|101|-44|-0.092684|-0.025266|-13.286289
-493|-502|-511|-516|102|93|90|94|-147|2|99|-46|-0.090569|0.006950|-13.140208
-493|-501|-510|-516|102|93|90|94|-147|1|99|-46|-0.104466|-0.026424|-13.330377
-496|-504|-513|-519|103|93|91|94|-145|5|103|-43|-0.075368|0.008667|-13.122362
-502|-512|-519|-523|96|89|87|89|-146|4|104|-42|-0.085127|-0.012162|-12.483761
-506|-519|-525|-526|93|89|88|87|-156|-4|98|-50|-0.105262|0.033411|-12.320689
-504|-520|-528|-525|91|89|88|85|-167|-16|87|-61|-0.161735|0.003633|-12.045166
-500|-520|-530|-523|88|88|86|81|-185|-36|67|-80|-0.224366|0.076761|-12.064000
-498|-520|-530|-523|87|87|86|80|-191|-42|62|-84|-0.272534|0.011277|-11.789721
-498|-520|-530|-523|86|87|86|79|-190|-43|62|-85|-0.235470|0.090749|-11.928864
-498|-520|-530|-522|86|87|85|79|-191|-43|61|-85|-0.268860|-0.001646|-11.723365
-498|-520|-530|-522|86|86|85|79|-191|-43|61|-85|-0.237651|0.110714|-11.935482
-498|-520|-531|-523|86|86|84|78|-192|-44|60|-86|-0.287331|-0.024607|-11.551185
-498|-520|-531|-523|85|86|84|78|-192|-44|60|-86|-0.233847|0.141540|-11.877350
-498|-520|-531|-523|86|87|85|79|-192|-44|60|-86|-0.290579|-0.057957|-11.570643
-498|-520|-531|-523|86|87|85|79|-192|-44|60|-87|-0.233699|0.172175|-12.050326
-498|-520|-531|-523|86|87|85|80|-192|-44|61|-86|-0.297477|-0.091621|-11.614971
-498|-520|-530|-523|89|89|86|81|-191|-43|61|-86|-0.221167|0.209438|-12.280186
-497|-519|-530|-523|89|89|87|81|-191|-42|61|-86|-0.307009|-0.137641|-11.713088
-498|-519|-530|-523|89|89|87|81|-191|-43|61|-86|-0.197596|0.232683|-12.370359
-498|-519|-531|-523|89|89|86|81|-191|-42|61|-86|-0.311193|-0.155128|-11.852825
-498|-519|-530|-523|89|89|87|82|-191|-43|61|-86|-0.196561|0.256332|-12.285369
-497|-519|-530|-523|89|89|86|81|-191|-42|61|-86|-0.323140|-0.171262|-11.946132
-498|-519|-530|-523|89|89|87|81|-191|-43|61|-86|-0.193853|0.267093|-12.285702
-498|-519|-530|-523|89|88|87|81|-190|-42|61|-86|-0.322980|-0.176655|-11.950257
-497|-519|-530|-522|89|89|87|81|-191|-42|61|-86|-0.193118|0.276885|-12.201786
-498|-519|-530|-523|89|88|86|81|-191|-43|61|-86|-0.326939|-0.200707|-11.804667
-499|-520|-531|-524|88|89|87|81|-192|-43|61|-87|-0.183924|0.300908|-12.315939
-502|-523|-534|-528|92|91|89|84|-195|-44|60|-89|-0.346472|-0.234726|-11.960672
-513|-536|-547|-540|92|94|91|84|-202|-48|60|-94|-0.181501|0.401902|-12.369608
-519|-541|-550|-543|93|96|94|86|-205|-48|60|-94|-0.392223|-0.375362|-11.686419
-519|-541|-550|-542|93|96|94|85|-204|-48|60|-94|-0.138065|0.527263|-12.942508
-518|-541|-550|-543|93|95|94|85|-205|-48|60|-94|-0.414864|-0.427831|-11.526452
-518|-541|-550|-542|93|96|94|85|-204|-48|60|-94|-0.145314|0.507557|-12.913254
-518|-541|-550|-542|93|96|94|85|-205|-48|60|-95|-0.398724|-0.363474|-11.451413
-519|-542|-550|-542|93|95|93|85|-205|-48|60|-94|-0.152001|0.464744|-12.667915
-519|-542|-550|-543|93|96|94|85|-205|-48|60|-94|-0.396981|-0.365748|-11.767777
-519|-541|-550|-542|93|96|93|85|-205|-48|60|-94|-0.148433|0.466039|-12.814248
-519|-542|-550|-542|93|96|94|85|-205|-48|60|-94|-0.400421|-0.367072|-11.736207
-519|-541|-550|-543|93|96|94|86|-205|-48|60|-94|-0.146886|0.471368|-12.901941
-518|-542|-550|-542|93|95|93|85|-205|-48|61|-94|-0.402685|-0.373244|-11.641361
-519|-542|-550|-542|93|96|94|85|-205|-48|60|-94|-0.146388|0.478875|-12.912921
-519|-541|-550|-542|93|96|93|86|-205|-48|60|-94|-0.403978|-0.378426|-11.701166
-519|-541|-550|-542|93|96|94|85|-205|-48|60|-94|-0.145920|0.478330|-12.900493
-518|-541|-550|-543|93|95|93|86|-205|-48|60|-94|-0.404813|-0.379906|-11.673119
-518|-542|-550|-543|93|95|94|85|-205|-48|60|-94|-0.146102|0.477631|-12.875422
-519|-541|-550|-542|93|95|93|86|-205|-48|60|-94|-0.403053|-0.375329|-11.691446
-518|-541|-550|-543|93|96|93|85|-205|-48|61|-94|-0.147056|0.468667|-12.855071
-518|-541|-550|-542|92|95|93|85|-205|-49|59|-95|-0.404456|-0.363460|-11.657737
-518|-541|-550|-543|92|95|93|85|-206|-49|60|-95|-0.157167|0.476128|-12.593845
-519|-542|-550|-542|93|95|93|85|-206|-49|59|-95|-0.398323|-0.375810|-11.806214
-518|-542|-550|-542|92|95|93|85|-206|-49|59|-95|-0.149614|0.478724|-12.736244
-518|-541|-550|-542|93|95|93|85|-206|-49|60|-95|-0.405640|-0.380108|-11.700482
-519|-542|-550|-543|92|95|93|85|-206|-49|59|-96|-0.149301|0.481295|-12.794567
-518|-541|-550|-542|93|95|93|84|-205|-49|59|-95|-0.405390|-0.375004|-11.665430
-518|-542|-550|-542|93|95|93|85|-206|-49|59|-95|-0.151108|0.472853|-12.835573
-518|-542|-550|-543|93|95|93|85|-206|-49|59|-95|-0.405636|-0.372127|-11.658712
-519|-542|-551|-542|92|95|93|85|-206|-49|60|-95|-0.148785|0.475800|-12.813194
-519|-542|-550|-542|92|95|93|85|-206|-49|59|-95|-0.405692|-0.372316|-11.645206
-518|-541|-550|-543|92|95|93|85|-206|-49|59|-95|-0.151356|0.471516|-12.813323
-518|-542|-550|-542|92|95|93|84|-206|-49|59|-95|-0.404805|-0.367301|-11.616849
-519|-541|-551|-542|92|95|93|85|-205|-49|59|-95|-0.150948|0.470128|-12.825602
-518|-542|-550|-543|92|95|93|85|-206|-49|59|-95|-0.405491|-0.370742|-11.633283
-519|-541|-550|-543|92|95|93|85|-206|-49|60|-95|-0.149446|0.473125|-12.822365
-519|-542|-550|-543|92|95|93|85|-206|-49|59|-95|-0.406217|-0.375250|-11.628134
-518|-541|-550|-542|93|95|93|85|-206|-49|59|-95|-0.151398|0.473778|-12.863681
-518|-541|-550|-542|92|95|93|85|-205|-49|59|-95|-0.404923|-0.369887|-11.629340
-518|-542|-550|-542|93|95|93|85|-206|-49|59|-95|-0.151566|0.471705|-12.850454
-518|-541|-550|-542|92|95|93|85|-205|-49|59|-95|-0.404547|-0.369248|-11.637594
-519|-542|-550|-543|92|95|93|85|-206|-49|59|-95|-0.150119|0.474382|-12.815514
-518|-542|-550|-542|92|95|93|85|-206|-49|59|-95|-0.406035|-0.372768|-11.645299
-518|-541|-550|-543|92|95|93|85|-206|-49|59|-96|-0.152236|0.472197|-12.823723
-518|-542|-550|-542|92|95|93|85|-206|-49|59|-95|-0.405243|-0.370237|-11.638257
-519|-542|-550|-543|93|95|93|85|-206|-49|59|-95|-0.150451|0.472756|-12.839292
-518|-542|-550|-542|92|95|93|85|-205|-49|59|-95|-0.404866|-0.370821|-11.635833
-518|-541|-550|-542|92|95|93|85|-206|-49|59|-95|-0.152094|0.470267|-12.819725
-519|-542|-550|-542|92|95|93|85|-205|-49|59|-95|-0.403262|-0.367484|-11.634250
-518|-541|-550|-543|92|95|92|85|-206|-49|59|-95|-0.152486|0.466224|-12.773270
-519|-541|-550|-543|93|95|93|85|-205|-49|59|-95|-0.403459|-0.372139|-11.671795
-518|-542|-550|-543|92|95|93|85|-206|-49|59|-95|-0.150099|0.476741|-12.800085
-518|-541|-550|-542|92|95|93|85|-206|-49|59|-95|-0.406131|-0.374203|-11.660812
-518|-542|-550|-542|92|95|93|84|-206|-49|59|-95|-0.150077|0.477195|-12.789415
-519|-541|-550|-542|92|95|93|85|-205|-49|59|-95|-0.404729|-0.375099|-11.652975
-518|-542|-550|-542|93|95|93|85|-206|-49|59|-95|-0.151154|0.474175|-12.840496
-519|-541|-550|-542|92|95|93|85|-206|-49|59|-96|-0.406140|-0.370210|-11.648792
-518|-542|-550|-543|92|95|93|84|-206|-49|59|-95|-0.150547|0.472852|-12.781785
-518|-542|-550|-543|92|95|93|85|-206|-49|59|-95|-0.405598|-0.373750|-11.643250
-519|-541|-550|-542|92|95|93|85|-206|-49|59|-95|-0.150689|0.474386|-12.815990
-518|-541|-550|-542|92|95|93|85|-206|-49|59|-95|-0.405897|-0.372060|-11.648606
-518|-542|-550|-542|92|95|93|85|-206|-49|59|-95|-0.150747|0.474615|-12.821746
-518|-542|-550|-543|92|95|93|85|-206|-49|59|-95|-0.405642|-0.372626|-11.635548
-519|-542|-550|-543|92|95|93|84|-206|-49|59|-95|-0.149492|0.477052|-12.782874
-518|-541|-550|-543|92|95|93|85|-205|-49|59|-95|-0.405384|-0.376390|-11.656889
-519|-541|-550|-543|92|95|93|85|-205|-49|59|-95|-0.149419|0.474268|-12.810410